              precision    recall  f1-score   support

           0     1.0000    1.0000    1.0000        72
           1     0.9718    0.9583    0.9650        72
           2     0.9863    1.0000    0.9931        72
           3     0.9600    1.0000    0.9796        72
           4     0.9848    0.9028    0.9420        72
           5     1.0000    1.0000    1.0000        72
           6     0.8889    0.8889    0.8889        72
           7     0.9600    1.0000    0.9796        72
           8     0.9342    0.9861    0.9595        72
           9     0.9118    0.8611    0.8857        72

    accuracy                         0.9597       720
   macro avg     0.9598    0.9597    0.9593       720
weighted avg     0.9598    0.9597    0.9593       720
